Pozycja_paletki | Pozycja pilki | Rezultat(błędny)

Data rozpoczęcia gry: 16.02.2023 21:40:21
-3,59999966621399 | -4 | 1 | 
-2,19999933242798 | -4 | 1 | 
-0,799999117851257 | -4 | 1 | 
-1,59999918937683 | -4 | 1 | 
-1,59999918937683 | -4 | 1 | 
-1,59999918937683 | -4 | 1 | 
-1,59999918937683 | -4 | 1 | 
-1,59999918937683 | -4 | 1 | 
-1,59999918937683 | -4 | 1 | 
-1,59999918937683 | -4 | 1 | 
-1,59999918937683 | -4 | 1 | 
-1,59999918937683 | -4 | 1 | 
-1,59999918937683 | -4 | 1 | 
-1,59999918937683 | -4 | 1 | 
-1,59999918937683 | -4 | 1 | 
-1,59999918937683 | -3,02836084365845 | 1 | 
-0,199999138712883 | -2,46356821060181 | 1 | 
-0,199999138712883 | -1,89877581596375 | 1 | 
-0,199999138712883 | -1,33398401737213 | 1 | 
-0,199999138712883 | -0,769192218780518 | 1 | 
-0,199999138712883 | -0,204400300979614 | 1 | 
-0,199999138712883 | -0,944751679897308 | 1 | 
-0,199999138712883 | -1,74355173110962 | 1 | 
-0,199999138712883 | -2,54235172271729 | 1 | 
-1,59999918937683 | -4,13995170593262 | 1 | 
-1,59999918937683 | -5,73755168914795 | 1 | 
-----------------------------------------------------

Data rozpoczęcia gry: 16.02.2023 21:40:29
-3,59999966621399 | -4 | 1 | 
-2,19999933242798 | -4 | 1 | 
-0,799999117851257 | -4 | 1 | 
-1,59999918937683 | -4 | 1 | 
-1,59999918937683 | -4 | 1 | 
-1,59999918937683 | -4 | 1 | 
-1,59999918937683 | -4 | 1 | 
-1,59999918937683 | -4 | 1 | 
-1,59999918937683 | -4 | 1 | 
-1,59999918937683 | -4 | 1 | 
-1,59999918937683 | -4 | 1 | 
-1,59999918937683 | -4 | 1 | 
-1,59999918937683 | -4 | 1 | 
-1,59999918937683 | -4 | 1 | 
-1,59999918937683 | -4 | 1 | 
-1,59999918937683 | -4,49608182907104 | 1 | 
-1,59999918937683 | -5,06932592391968 | 1 | 
-1,59999918937683 | -5,64257001876831 | 1 | 
-1,59999918937683 | -6,21581411361694 | 1 | 
-----------------------------------------------------

Data rozpoczęcia gry: 16.02.2023 21:40:34
-3,59999966621399 | -4 | 1 | 
-----------------------------------------------------

Data rozpoczęcia gry: 16.02.2023 21:54:32
-3,59999966621399 | -3,50836038589478 | -1 | 
-2,19999933242798 | -2,08439588546753 | -1 | 
-2,19999933242798 | -2,13864207267761 | -1 | 
-4,99999904632568 | -4,96718168258667 | -1 | 
-7,59999656677246 | -7,2859263420105 | -1 | 
-7,59999656677246 | -7,57450866699219 | -1 | 
-7,59999656677246 | -7,16962957382202 | -1 | 
-5,79999828338623 | -5,79011678695679 | -1 | 
-7,59999656677246 | -7,30440044403076 | -1 | 
-2,99999952316284 | -2,91470670700073 | -1 | 
-6,1999979019165 | -6,15996170043945 | -1 | 
-4,79999923706055 | -4,7776460647583 | -1 | 
-7,59999656677246 | -7,40870571136475 | -1 | 
-3,39999961853027 | -3,25630116462708 | -1 | 
-3,39999961853027 | -3,38767266273499 | -1 | 
-4,79999923706055 | -4,53889322280884 | -1 | 
-6,1999979019165 | -5,96697521209717 | -1 | 
-6,1999979019165 | -6,12786674499512 | -1 | 
-7,59999656677246 | -7,4141960144043 | -1 | 
-7,59999656677246 | -7,47992897033691 | -1 | 
-6,1999979019165 | -6,17983245849609 | -1 | 
-4,79999923706055 | -4,6654953956604 | -1 | 
-3,39999961853027 | -3,39111423492432 | -1 | 
-6,1999979019165 | -5,95659351348877 | -1 | 
-7,59999656677246 | -7,17731666564941 | -1 | 
-6,1999979019165 | -5,98753643035889 | -1 | 
-----------------------------------------------------

Data rozpoczęcia gry: 16.02.2023 21:55:08
-----------------------------------------------------
